Unmatched Accident Keys,
20110010247,
20110031171,
20110034251,
20120081646,
20130030930,
20130032419,
20130034572,
20130046568,
20130127764,
20130127773,
20140002223,
20140044440,
20140045195,
20140045206,
20140045216,
20140045270,
20140086529,
20140095198,
20140113080,
20140130854,
20150000532,
20150002117,
20150002367,
20150002670,
20150030848,
20150034105,
20150034711,
20150036287,
20150039238,
20150040215,
20150040446,
20150041309,
20150043319,
20150045664,
20150045815,
20150045922,
20150046139,
20150046807,
20150047156,
20150047933,
20150048100,
20150048371,
20150048628,
20150049412,
20150049603,
20150050384,
20150050485,
20150050731,
20150050738,
20150051131,
20150051442,
20150052132,
20150052138,
20150052430,
20150052517,
20150052519,
20150052523,
20150052573,
20150052636,
20150052800,
20150052981,
20150053123,
20150053270,
20150053646,
20150053821,
20150053907,
20150054148,
20150054151,
20150054168,
20150054322,
20150054686,
20150055363,
20150070592,
20150070647,
20150080412,
20150081132,
20150081155,
20150081313,
20150093027,
20150093066,
20150093155,
20150110075,
20150127263,
20150128123,
20150131860,
20150132614,
20160000001,
20160000020,
20160000034,
20160000044,
20160000124,
20160000179,
20160000202,
20160000287,
20160000293,
20160000413,
20160000452,
20160000472,
20160000477,
20160000491,
20160000559,
20160000599,
20160030260,
20160030465,
20160031039,
20160031218,
20160031295,
20160031298,
20160031449,
20160031466,
20160031507,
20160031573,
20160031585,
20160031755,
20160032002,
20160032013,
20160032105,
20160032370,
20160033061,
20160047119,
20160100582,
20160102321,
20160106491,
20160108576,
20160108651,
20160108700,
20160109125,
20170090006,
20170095110,
20170115799,
20170117483